------------------------------------
------------------------------------
list 1 stats 
list 1: 		
0x601030:	223	199	190	175
0x601040:	161	160	150	146
0x601050:	141	137	133	133
0x601060:	130	130	127	127
0x601070:	123	122	121	120
0x601080:	120	120	119	118
0x601090:	112	112	110	110
0x6010a0:	103

len1: 		0x6010a4:	29
estMed1: 	0x6010a8:	151
min1: 		0x6010ac:	103
med1: 		0x6010b0:	127
max1: 		0x6010b4:	223
ave1: 		0x6010b8:	136
beta1: 		0x6010c0:	1977688
pctErr1: 	0x6010bc:	18
------------------------------------
list 2 stats 
list2: 		
0x6010c8:	2957	2947	2859	2821
0x6010d8:	2819	2747	2733	2725
0x6010e8:	2721	2671	2664	2661
0x6010f8:	2661	2651	2645	2641
0x601108:	2634	2631	2623	2621
0x601118:	2621	2621	2621	2621
0x601128:	2621	2613	2612	2611
0x601138:	2611	2611	2547	2521
0x601148:	2467	2431	2431	2416
0x601158:	2321	2321	2311	2311
0x601168:	2251	2236	2221	2219
0x601178:	2211	2155	2145	2144
0x601188:	2141	2132	2131	2131
0x601198:	2126	2123	2122	2113
0x6011a8:	2113	1675	1654	1566
0x6011b8:	1549	1548	1435	1435
0x6011c8:	1431	1422	1384	1342
0x6011d8:	1312	1307	1286	1286
0x6011e8:	1261	1236	1236	1232
0x6011f8:	1191	1175	1167	1167
0x601208:	1163	1159	1155	1154
0x601218:	1146	1144	1142	1141
0x601228:	1141	1139	1138	1132
0x601238:	1126	1126	1124	1124
0x601248:	1123	1123	1122	1121
0x601258:	1117	1114	1114	1113
0x601268:	1113	1113	1111	1110
0x601278:	1104	1085

len2: 		0x601280:	110
estMed2: 	0x601284:	1737
min2: 		0x601288:	1085
med2: 		0x60128c:	2117
max2: 		0x601290:	2957
ave2: 		0x601294:	1877
beta2: 		0x60129c:	6053432129
pctErr2: 	0x601298:	17
------------------------------------
list 3 stats 
list3: 		
0x6012a4:	9199	9176	9153	9130
0x6012b4:	9119	9117	9114	9113
0x6012c4:	9112	7183	6135	6129
0x6012d4:	5174	5151	5128	5126
0x6012e4:	5115	4153	4117	3184
0x6012f4:	3177	3167	3149	3138
0x601304:	3134	3132	3126	3122
0x601314:	2191	2179	2172	2151
0x601324:	2147	2144	2143	2127
0x601334:	2121	2121	2119	2118
0x601344:	2117	2117	2115	2113
0x601354:	2113	2112	1437	1259
0x601364:	1257	1256	1226	1219
0x601374:	1215	1212	1188	1169
0x601384:	1168	1167	1165	1165
0x601394:	1162	1161	1161	1156
0x6013a4:	1155	1155	1153	1146
0x6013b4:	1146	1145	1144	1143
0x6013c4:	1142	1141	1140	1140
0x6013d4:	1135	1133	1129	1128
0x6013e4:	1127	1127	1127	1126
0x6013f4:	1125	1125	1124	1124
0x601404:	1123	1120	1117	1116
0x601414:	1115	1115	1115	1114
0x601424:	1111	1111	1110	1110

len3: 		0x601434:	100
estMed3: 	0x601438:	1644
min3: 		0x60143c:	1110
med3: 		0x601440:	1241
max3: 		0x601444:	9199
ave3: 		0x601448:	2647
beta3: 		0x601450:	60379033665
pctErr3: 	0x60144c:	32
------------------------------------
list 4 stats 
list4: 		
0x601458:	9999	9999	9999	9999
0x601468:	9999	9999	9999	9999
0x601478:	9999	9999	9999	9999
0x601488:	9999	9999	9999	9999
0x601498:	9999	9999	9999	9999
0x6014a8:	9999	9999	9999	9999
0x6014b8:	9999	9999	9999	9999
0x6014c8:	9999	9999	8276	6547
0x6014d8:	6111	5999	5651	5223
0x6014e8:	5183	4828	4447	4425
0x6014f8:	4414	4321	4320	4318
0x601508:	4317	4312	4311	4272
0x601518:	4212	3827	3717	3717
0x601528:	3611	3524	3515	3472
0x601538:	3455	3451	3427	3418
0x601548:	3353	3339	3332	3326
0x601558:	3317	3314	3243	3240
0x601568:	3234	3219	3217	3216
0x601578:	3183	3162	3115	3113
0x601588:	2966	2938	2919	2918
0x601598:	2912	2912	2911	2910
0x6015a8:	2896	2826	2717	2665
0x6015b8:	2659	2618	2617	2615
0x6015c8:	2611	2610	2524	2515
0x6015d8:	2515	2515	2455	2449
0x6015e8:	2446	2444	2436	2435
0x6015f8:	2430	2417	2416	2416
0x601608:	2414	2411	2410	2400
0x601618:	2381	2343	2342	2341
0x601628:	2332	2324	2323	2317
0x601638:	2317	2315	2313	2312
0x601648:	2265	2244	2231	2229
0x601658:	2221	2212	2175	2174
0x601668:	2156	2153	2146	2133
0x601678:	2127	2124	2117	2115
0x601688:	2111	1987	1953	1917
0x601698:	1868	1828	1818	1818
0x6016a8:	1791	1777	1721	1715
0x6016b8:	1667	1665	1647	1628
0x6016c8:	1616	1616	1552	1551
0x6016d8:	1550	1515	1515	1514
0x6016e8:	1512	1494	1483	1464
0x6016f8:	1461	1452	1450	1448
0x601708:	1440	1439	1432	1426
0x601718:	1415	1414	1414	1385
0x601728:	1373	1367	1353	1351
0x601738:	1345	1335	1335	1334
0x601748:	1333	1319	1318	1317
0x601758:	1313	1313	1313	1313
0x601768:	1283	1264	1257	1255
0x601778:	1253	1251	1243	1234
0x601788:	1232	1221	1218	1212
0x601798:	1212	1211	1195	1191
0x6017a8:	1168	1153	1153	1146
0x6017b8:	1141	1140	1137	1132
0x6017c8:	1126	1124	1121	1118
0x6017d8:	1112	1111	1110	1000
0x6017e8:	1000	1000

len4: 		0x6017f0:	230
estMed4: 	0x6017f4:	3772
min4: 		0x6017f8:	1000
med4: 		0x6017fc:	2341
max4: 		0x601800:	9999
ave4: 		0x601804:	3343
beta4: 		0x60180c:	101565960155
pctErr4: 	0x601808:	61
------------------------------------
------------------------------------


